823600

823337

816272

811326

811091

809112

807275

802533

803030

806353

806754

813620

807594

805427

813650

821102

812892

811094

805201

808370

806091

816659

808682

806991

809206

807524

823137

808915

809929

806707

806294

819028

807838

806886

805925

806877

809725

807744

809112

809936

802838

807737

808426

811562

807885

813087

811813

813675

813297

812488

819017

815253

807714

809855

809742

806991

805633

807435

806190

809367

807286

802477

804742

803834

803736

806751

807180

810919

813221

808760

811105

810462

813300

828278

811551

809841

810804

811213

807814

806720

806213

808138

809241

812702

808468

804902

808726

807176

809366

812147

812864

811375

818987

810023

809614

811585

806382

806730

814316

0

